[CameraMatrixOffset]
body_rot.x=0.0203357
body_rot.y=0.0381502
head_rot.x=-0.13937
head_rot.y=-0.0679825
head_rot.z=2.4444e-05
cam_rot.top.x=0.105372
cam_rot.top.y=0.0395493
cam_rot.top.z=-0.00199227
cam_rot.bottom.x=0.168935
cam_rot.bottom.y=0.075859
cam_rot.bottom.z=0.0833073
