[CameraMatrixOffset]
body_rot.x=-0.00137293
body_rot.y=0.0695984
cam_rot.bottom.x=-0.000886361
cam_rot.bottom.y=0.00212657
cam_rot.bottom.z=-0.0225445
cam_rot.top.x=-0.000581594
cam_rot.top.y=0.0202278
cam_rot.top.z=-0.00480041
head_rot.x=-0.0140149
head_rot.y=-0.0276364
head_rot.z=0.0376476
