[CameraMatrixOffset]
body_rot.x=0.00055962
body_rot.y=0.0110541
cam_rot.bottom.x=-0.131437
cam_rot.bottom.y=-0.0129195
cam_rot.bottom.z=-0.102617
cam_rot.top.x=-0.095254
cam_rot.top.y=-0.0631262
cam_rot.top.z=0.00200506
head_rot.x=0.0939811
head_rot.y=-0.0174281
head_rot.z=0.0677616
