[KalmanFilter4dBallModel]
mahalanobisThreshold=0.174533
maximumLikelihoodThreshold=0.0005
g0=0.05
g1=0.1
euclidThreshold=0.174533
c_RR=0.0245
initialStateStdP00=250
initialStateStdP11=250
initialStateStdP01=0
initialStateStdP10=0
processNoiseStdQ01=0
measurementNoiseR10=-0.00041764
processNoiseStdQ10=0
processNoiseStdQ00=15
processNoiseStdQ11=20
measurementNoiseR00=0.00130217
measurementNoiseR11=0.00123935
area95Threshold=3.14159e+06
