[CameraMatrixOffset]
body_rot.x=0.0123464
body_rot.y=-0.0226425
cam_rot.bottom.x=0.0407984
cam_rot.bottom.y=-0.134016
cam_rot.bottom.z=-0.0253461
cam_rot.top.x=0.0594199
cam_rot.top.y=-0.155316
cam_rot.top.z=-0.032044
head_rot.x=-0.04578
head_rot.y=0.0797494
head_rot.z=0.0353666
