[CameraMatrixOffset]
body_rot.x=0.00885706
body_rot.y=-0.0158102
cam_rot.bottom.x=-0.0166754
cam_rot.bottom.y=0.00950929
cam_rot.bottom.z=0.0125597
cam_rot.top.x=-0.0199438
cam_rot.top.y=-0.0499498
cam_rot.top.z=0.0402445
head_rot.x=0.0131478
head_rot.y=-0.0575264
head_rot.z=-0.0407518
