[CameraMatrixOffset]
body_rot.x=-0.0110853
body_rot.y=-0.0119351
cam_rot.bottom.x=-0.133359
cam_rot.bottom.y=-0.206713
cam_rot.bottom.z=-0.045357
cam_rot.top.x=-0.130418
cam_rot.top.y=-0.230142
cam_rot.top.z=0.0604004
head_rot.x=0.110786
head_rot.y=0.12523
head_rot.z=0.0328803
