[CameraMatrixOffset]
body_rot.x=-0.00679363
body_rot.y=-0.0108864
cam_rot.bottom.x=-0.172985
cam_rot.bottom.y=-0.173957
cam_rot.bottom.z=-0.098176
cam_rot.top.x=-0.117765
cam_rot.top.y=-0.237718
cam_rot.top.z=-8.73991e-05
head_rot.x=0.133714
head_rot.y=0.140604
head_rot.z=0.0406149
