[CameraMatrixOffset]
body_rot.x=-0.00471704
body_rot.y=-0.0148692
cam_rot.bottom.x=-0.137238
cam_rot.bottom.y=-0.210994
cam_rot.bottom.z=-0.0635217
cam_rot.top.x=-0.130266
cam_rot.top.y=-0.245796
cam_rot.top.z=0.0541402
head_rot.x=0.119576
head_rot.y=0.118583
head_rot.z=-0.0432415
