[CameraMatrixOffset]
body_rot.x=0.0136387
body_rot.y=0.0170227
head_rot.x=-0.0026652
head_rot.y=-0.0245021
head_rot.z=0.0102185
cam_rot.top.x=-0.0287922
cam_rot.top.y=-0.0146333
cam_rot.top.z=0.00196316
cam_rot.bottom.x=0.0158275
cam_rot.bottom.y=-0.00527459
cam_rot.bottom.z=0.0229145
