
[CameraMatrixOffset]
body_rot.x=-0.00440726
body_rot.y=0.0526053
head_rot.x=-0.0192917
head_rot.y=-0.00577442
head_rot.z=0.00241616
cam_rot.top.x=-0.0205067
cam_rot.top.y=-0.0214777
cam_rot.top.z=-0.000810242
cam_rot.bottom.x=0.000447871
cam_rot.bottom.y=0.0156284
cam_rot.bottom.z=0.000522884
