[CameraMatrixOffset]
body_rot.x=0.010176
body_rot.y=0.0430565
cam_rot.bottom.x=-0.00128858
cam_rot.bottom.y=-0.00796374
cam_rot.bottom.z=-0.000141368
cam_rot.top.x=0.0142268
cam_rot.top.y=-0.0134474
cam_rot.top.z=0.0143006
head_rot.x=0.0119918
head_rot.y=-0.0224088
head_rot.z=0.0127785
