[CameraMatrixOffset]
body_rot.x=-0.0169372
body_rot.y=-0.00245724
head_rot.x=-0.014365
head_rot.y=-0.015393
head_rot.z=0.0371552
cam_rot.top.x=-0.00767089
cam_rot.top.y=-0.0130261
cam_rot.top.z=0.00714921
cam_rot.bottom.x=0.00725194
cam_rot.bottom.y=-0.0203651
cam_rot.bottom.z=-0.0142621
