[CameraMatrixOffset]
body_rot.x=-0.011096
body_rot.y=0.00179857
cam_rot.bottom.x=-0.00329837
cam_rot.bottom.y=0.0243811
cam_rot.bottom.z=-0.00148961
cam_rot.top.x=-0.00782041
cam_rot.top.y=-0.0382849
cam_rot.top.z=0.0017714
head_rot.x=-0.0119587
head_rot.y=-0.015531
head_rot.z=-0.000755896
