[CameraMatrixOffset]
body_rot.x=0.00627937
body_rot.y=0.00627857
cam_rot.bottom.x=-0.022807
cam_rot.bottom.y=-0.00817122
cam_rot.bottom.z=-0.00637181
cam_rot.top.x=-0.0198017
cam_rot.top.y=-0.0512541
cam_rot.top.z=0.0231504
head_rot.x=0.0221687
head_rot.y=-0.0608166
head_rot.z=-0.0128355
