[CameraMatrixOffset]
body_rot.x=0.0140976
body_rot.y=0.00130981
cam_rot.bottom.x=-0.0266991
cam_rot.bottom.y=-0.00620287
cam_rot.bottom.z=-0.00936162
cam_rot.top.x=-0.0241098
cam_rot.top.y=-0.0505424
cam_rot.top.z=0.01576
head_rot.x=0.0228959
head_rot.y=-0.0584827
head_rot.z=-0.0163031
