[CameraMatrixOffset]
body_rot.x=0.00404332
body_rot.y=0.00688582
head_rot.x=-0.00946621
head_rot.y=-0.0192507
head_rot.z=0.0115902
cam_rot.top.x=-0.0161843
cam_rot.top.y=-0.0200351
cam_rot.top.z=0.00158841
cam_rot.bottom.x=0.00108113
cam_rot.bottom.y=0.0117138
cam_rot.bottom.z=-0.0185429
