[CameraMatrixOffset]
body_rot.x=0.00463041
body_rot.y=-0.0187324
cam_rot.bottom.x=-0.127289
cam_rot.bottom.y=-0.21478
cam_rot.bottom.z=-0.0351769
cam_rot.top.x=-0.121251
cam_rot.top.y=-0.235332
cam_rot.top.z=0.043766
head_rot.x=0.112821
head_rot.y=0.121437
head_rot.z=-0.0114398
