[CameraMatrixOffset]
body_rot.x=0.00481856
body_rot.y=-0.0155282
cam_rot.bottom.x=-0.0614537
cam_rot.bottom.y=-0.0480732
cam_rot.bottom.z=-0.0275108
cam_rot.top.x=-0.0516875
cam_rot.top.y=-0.0707809
cam_rot.top.z=0.0115018
head_rot.x=0.0472188
head_rot.y=-0.0460574
head_rot.z=-0.0075475
