[CameraMatrixOffset]
cam_rot.bottom.y=0.00792965
cam_rot.bottom.z=-0.00272982
cam_rot.bottom.x=0.00504149
body_rot.x=-0.000680108
body_rot.y=0.0442092
head_rot.y=-0.00731463
head_rot.x=-0.000886209
head_rot.z=0.0184897
cam_rot.top.x=-0.00461132
cam_rot.top.y=-0.0142753
cam_rot.top.z=0.0186502
