[CameraMatrixOffset]
body_rot.x=0.00476296
body_rot.y=-0.0140571
cam_rot.bottom.x=-0.0136624
cam_rot.bottom.y=0.00142902
cam_rot.bottom.z=0.0100833
cam_rot.top.x=-0.0199899
cam_rot.top.y=-0.0394523
cam_rot.top.z=0.0295291
head_rot.x=0.0104574
head_rot.y=-0.0611034
head_rot.z=-0.00478091
