[CameraMatrixOffset]
body_rot.x=0.0231321
body_rot.y=0.00993237
head_rot.x=0.00165859
head_rot.y=-0.0272607
head_rot.z=-0.00595511
cam_rot.top.x=-0.0242684
cam_rot.top.y=-0.0137945
cam_rot.top.z=0.00021353
cam_rot.bottom.x=0.00925718
cam_rot.bottom.y=-0.0110449
cam_rot.bottom.z=-0.006538
