[CameraMatrixOffset]
body_rot.x=0.00957413
body_rot.y=0.0143021
cam_rot.bottom.x=-0.14409
cam_rot.bottom.y=-0.0936713
cam_rot.bottom.z=-0.121992
cam_rot.top.x=-0.105423
cam_rot.top.y=-0.153767
cam_rot.top.z=0.0789994
head_rot.x=0.0904287
head_rot.y=0.0341664
head_rot.z=-0.0283387
