[CameraMatrixOffset]
body_rot.x=-0.00752843
body_rot.y=0.00332241
cam_rot.bottom.x=-0.112368
cam_rot.bottom.y=-0.124242
cam_rot.bottom.z=-0.0556459
cam_rot.top.x=-0.103678
cam_rot.top.y=-0.145288
cam_rot.top.z=0.0269816
head_rot.x=0.0927445
head_rot.y=0.0283048
head_rot.z=-0.0315683
