[CameraMatrixOffset]
body_rot.x=0.0186701
body_rot.y=0.0124399
cam_rot.bottom.x=-0.000647048
cam_rot.bottom.y=0.00279009
cam_rot.bottom.z=0.00206732
cam_rot.top.x=-0.0016093
cam_rot.top.y=-0.0138023
cam_rot.top.z=0.0101344
head_rot.x=-0.00104368
head_rot.y=-0.0121932
head_rot.z=0.0132657
