[CameraMatrixOffset]
body_rot.x=0.0102338
body_rot.y=-0.00822157
cam_rot.bottom.x=-0.0327179
cam_rot.bottom.y=-0.00716768
cam_rot.bottom.z=0.0153616
cam_rot.top.x=-0.0355687
cam_rot.top.y=-0.0502891
cam_rot.top.z=0.0416828
head_rot.x=0.0404197
head_rot.y=-0.0634478
head_rot.z=-0.032007
