[CameraMatrixOffset]
body_rot.x=0.00113386
body_rot.y=-0.0129794
cam_rot.bottom.x=0.00112247
cam_rot.bottom.y=-0.0281619
cam_rot.bottom.z=0.00105653
cam_rot.top.x=0.00376971
cam_rot.top.y=0.00189713
cam_rot.top.z=0.0160522
head_rot.x=0.00560767
head_rot.y=-0.0283686
head_rot.z=0.0167813
