
[CameraMatrixOffset]
body_rot.x=0.0182149
body_rot.y=0.0709349
head_rot.x=-0.00597833
head_rot.y=-0.0336458
head_rot.z=0.0086944
cam_rot.top.x=-0.00780563
cam_rot.top.y=0.00713618
cam_rot.top.z=0.0105784
cam_rot.bottom.x=0.00210479
cam_rot.bottom.y=-0.0372738
cam_rot.bottom.z=-0.00358229
